
CASCADE Topology V1, (c) Matra-Datavision
Locations 2
1
              1               0               0               5 
              0               1               0             0.1 
              0               0               1               0 
1
              1               0               0               0 
              0               1               0               0 
              0               0               1               3 
Curve2ds 0
Curves 8
1 -5 -0.10000000000000001 0 0 0 1 
1 5 -0.10000000000000001 0 0 0 1 
1 -5 -0.10000000000000001 0 1 0 0 
1 5 0.10000000000000001 0 0 0 1 
1 5 -0.10000000000000001 0 0 1 0 
1 -5 0.10000000000000001 0 0 0 1 
1 5 0.10000000000000001 0 -1 0 0 
1 -5 0.10000000000000001 0 0 -1 0 
Polygon3D 0
PolygonOnTriangulations 0
Surfaces 5
1 -5 -0.10000000000000001 0 0 1 0 1 0 0 0 0 -1 
1 5 -0.10000000000000001 0 -1 0 0 0 1 0 0 0 -1 
1 5 0.10000000000000001 0 0 -1 0 -1 0 0 -0 -0 -1 
1 -5 0.10000000000000001 0 1 0 -0 0 -1 0 0 -0 -1 
1 0 0 0 0 0 1 1 0 -0 -0 1 0 
Triangulations 0

TShapes 25
Ve
0.0001
-5 -0.1 0
0 0

0101101
*
Ed
 0.0001 1 1 0
1  1 0 0 3
0

0101000
+25 0 -25 2 *
Ve
0.0001
5 -0.1 0
0 0

0101101
*
Ed
 0.0001 1 1 0
1  2 0 0 3
0

0101000
+23 0 -23 2 *
Ed
 0.0001 1 1 0
1  3 0 0 10
0

0101000
+25 0 -23 0 *
Wi

0101100
+24 0 -22 0 -21 0 +21 2 *
Fa
0  0.0001 1 0

0101000
+20 0 *
Ve
0.0001
5 0.1 0
0 0

0101101
*
Ed
 0.0001 1 1 0
1  4 0 0 3
0

0101000
+18 0 -18 2 *
Ed
 0.0001 1 1 0
1  5 0 0 0.2
0

0101000
+23 0 -18 0 *
Wi

0101100
+22 0 -17 0 -16 0 +16 2 *
Fa
0  0.0001 2 0

0101000
+15 0 *
Ve
0.0001
-5 0.1 0
0 0

0101101
*
Ed
 0.0001 1 1 0
1  6 0 0 3
0

0101000
+13 0 -13 2 *
Ed
 0.0001 1 1 0
1  7 0 0 10
0

0101000
+18 0 -13 0 *
Wi

0101100
+17 0 -12 0 -11 0 +11 2 *
Fa
0  0.0001 3 0

0101000
+10 0 *
Ed
 0.0001 1 1 0
1  8 0 0 0.2
0

0101000
+13 0 -25 0 *
Wi

0101100
+12 0 -24 0 -8 0 +8 2 *
Fa
0  0.0001 4 0

0101000
+7 0 *
Wi

0101100
+21 0 +16 0 +11 0 +8 0 *
Fa
0  0.0001 5 0

0111000
+5 0 *
Sh

0101100
+19 0 +14 0 +9 0 +6 0 +4 0 -4 2 *
So

0100000
-3 0 *
Co

1100000
+2 1 *

+1 0 